-------------Round:1----------
Zero:[54, 65, 75, 74]
, One:[74, 79, 98, 79, 60, 97]
, Two:[]
, []
-------------Round:2----------
Zero:[74, 79, 98, 79, 60, 97]
, One:[54, 65, 75, 74]
, Two:[]
, []
-------------Round:3----------
Zero:[54, 65, 75, 74]
, One:[74, 79, 98, 79, 60, 97]
, Two:[]
, []
-------------Round:4----------
Zero:[74, 79, 98, 79, 60, 97]
, One:[54, 65, 75, 74]
, Two:[]
, []
-------------Round:5----------
Zero:[54, 65, 75, 74]
, One:[74, 79, 98, 79, 60, 97]
, Two:[]
, []
-------------Round:6----------
Zero:[74, 79, 98, 79, 60, 97]
, One:[54, 65, 75, 74]
, Two:[]
, []
26, 30, 3, 30